Year,Month,Comp1,Comp2,Comp3,Comp4,Comp5
1996,Mar,10,55,19,70,39
2002,Aug,24,64,44,98,16
2007,Sep,84,62,38,83,29
1995,July,55,51,83,14,63
1990,Feb,42,87,65,28,10
1996,Nov,54,92,30,27,52
1994,Aug,26,55,15,10,40
2010,Aug,24,91,41,24,42
1998,Aug,94,13,28,62,21
2012,May,53,34,42,73,62
1998,Oct,61,66,29,85,46
2012,May,65,79,14,38,85
2007,Mar,16,20,71,12,84
1994,Mar,52,23,57,90,21
2000,Dec,73,19,55,72,24
1995,May,37,35,47,95,40
1997,June,23,23,28,26,14
2011,Aug,90,61,70,31,44
1999,May,37,97,18,54,43
2012,Nov,31,95,32,51,29
2012,Aug,37,11,42,26,51
1992,Aug,66,18,44,17,26
1990,June,64,93,44,74,61
2002,Feb,50,76,24,24,34
1990,Dec,53,86,39,39,91
2005,Aug,58,80,60,33,31
2011,Aug,87,29,53,94,38
1991,May,33,43,81,84,39
2005,June,53,98,32,42,85
2012,Feb,34,77,99,28,50
1995,Oct,43,87,15,76,50
1996,Nov,77,42,53,63,55
2012,Dec,25,61,76,50,88
1996,July,71,73,21,13,43
2012,Dec,99,44,52,75,12
2002,Mar,69,31,64,65,35
2007,Oct,98,33,50,67,37
1993,May,11,77,62,41,76
2003,May,46,57,81,17,96
1991,May,15,40,46,39,82
1991,Nov,22,69,86,62,46
2003,May,42,69,38,22,64
2010,Feb,46,71,41,11,81
1990,Oct,37,35,77,76,39
2001,April,25,73,63,57,14
2006,Aug,56,68,87,46,70
2004,April,27,32,63,97,70
2003,Aug,54,49,75,94,94
1990,Sep,65,95,78,45,75
1999,Sep,31,98,12,38,43
1992,Aug,76,42,61,61,19
1992,Mar,44,77,12,89,38
1996,Sep,20,22,40,71,65
2007,Feb,84,24,69,64,38
2003,Oct,22,37,90,90,15
2003,May,50,15,84,53,68
1997,Sep,12,47,63,54,45
1999,Feb,39,13,30,83,61
1995,June,60,78,43,66,73
1998,Feb,69,18,27,50,14
1998,June,90,36,11,49,65
1996,Oct,53,82,35,37,80
2011,April,12,69,35,42,81
2002,May,12,22,36,50,15
1992,April,43,86,78,12,79
2004,June,50,20,97,87,45
1991,May,64,55,34,27,94
2012,June,20,58,99,72,64
1997,Mar,58,59,94,53,57
1999,June,51,13,82,15,14
1998,Oct,91,95,20,81,85
2000,April,95,91,78,82,14
1993,Oct,94,63,15,29,48
2003,Aug,98,98,20,53,46
1997,Feb,34,69,38,41,63
2012,Aug,15,98,98,22,45
1996,June,96,91,72,17,79
2001,Sep,48,43,50,13,50
2000,Mar,45,65,77,20,14
2006,Mar,96,78,10,70,21
1991,July,30,90,16,54,87
1991,Feb,23,68,40,89,41
2004,July,57,33,94,79,54
1990,April,96,50,91,76,49
2006,Nov,50,19,39,17,94
1992,May,58,62,42,59,30
1990,June,55,66,69,95,90
2011,Dec,42,24,24,42,27
2011,April,91,76,98,85,11
1994,Aug,32,60,40,89,12
1996,Mar,41,17,57,63,88
1998,May,93,31,39,22,24
2006,Nov,70,98,79,59,25
1992,Oct,26,79,84,45,46
1997,Feb,20,39,23,79,56
1995,July,68,62,78,58,44
1991,May,58,55,92,59,56
2002,Mar,82,68,86,34,54
1998,June,69,60,70,24,42
2000,Jan,88,58,63,50,89
2011,July,51,46,40,49,86
2001,Aug,62,73,13,39,69
2004,Nov,58,44,35,75,16
1996,May,92,30,53,29,99
1990,Aug,84,92,11,14,38
2004,Feb,64,25,52,46,77
2008,July,67,75,24,37,98
2000,Sep,65,78,89,24,80
1996,Oct,46,56,56,90,84
1993,Nov,62,30,43,38,88
2012,Aug,23,74,43,16,73
2001,Feb,42,64,44,66,45
1992,Feb,57,41,51,43,86
2007,June,47,95,36,18,36
2007,July,74,95,84,29,23
1990,June,60,92,50,52,54
2011,Mar,43,78,60,66,16
1999,Dec,65,78,71,75,44
1999,Feb,59,85,14,65,29
1997,May,37,77,73,94,98
1991,Dec,18,80,80,98,18
2010,Jan,87,49,42,74,21
2001,May,63,80,31,53,85
1998,Sep,36,56,66,69,85
1998,Sep,29,19,60,56,28
2007,April,36,17,19,70,32
1993,June,68,71,92,55,72
2005,Mar,75,14,88,21,32
2004,Aug,64,97,53,53,41
1999,July,54,50,79,87,26
2008,Feb,95,74,40,29,77
2010,Aug,48,79,74,15,97
2004,Mar,34,20,30,46,35
2004,July,97,59,31,70,40
1993,Nov,80,59,68,21,45
2003,April,14,24,33,31,77
2007,Nov,50,93,21,37,84
2005,July,52,64,37,85,83
2000,Sep,52,17,84,30,89
1991,Dec,56,61,27,81,20
2004,Aug,56,88,81,92,71
2010,Sep,53,52,65,27,73
2007,April,39,67,94,89,43
1996,Oct,30,16,43,11,32
1991,Nov,78,39,84,57,92
1998,Jan,95,52,70,17,95
2000,July,39,70,56,87,29
2002,Oct,72,11,85,18,18
2000,July,18,61,12,15,26
1994,Nov,24,23,82,87,15
2008,Aug,34,52,84,87,61
2011,April,81,96,15,54,58
2001,Dec,35,53,10,42,93
2009,Nov,12,22,81,16,60
1994,Jan,19,39,36,97,64
1998,July,42,37,60,61,80
2006,Mar,54,57,37,19,57
1998,April,68,43,50,14,96
2005,Jan,40,61,30,84,43
1998,June,80,11,84,43,56
1994,July,47,28,25,41,85
2000,Nov,35,66,56,78,85
2001,June,11,57,37,38,27
1992,July,44,26,73,56,76
1992,Oct,36,66,37,63,91
1999,Oct,13,87,43,92,67
1991,Jan,72,28,46,78,94
2009,Nov,42,45,49,25,24
1994,June,20,40,32,36,18
2003,Jan,45,42,14,61,74
2011,Dec,92,26,80,75,30
1991,Nov,30,66,74,56,48
1994,May,41,37,58,85,47
1990,Dec,77,26,67,56,27
2000,Sep,48,45,77,78,38
2000,Aug,90,14,88,14,82
1992,Oct,18,69,10,85,53
2011,Oct,21,43,18,62,62
1995,Sep,55,13,24,72,25
1995,May,68,45,83,31,53
2008,Mar,78,34,27,73,96
2004,Oct,27,72,27,55,64
2000,Dec,53,11,12,36,60
2006,Sep,23,62,12,13,46
2012,June,52,51,32,93,79
1991,Aug,58,78,72,28,86
2009,Jan,42,81,64,90,18
1999,Sep,66,93,81,16,78
1993,Nov,12,97,97,32,79
2007,Jan,62,62,70,15,63
2012,Sep,38,29,34,11,66
1997,Jan,78,34,30,97,99
1998,Sep,68,34,33,22,23
2005,Jan,21,74,84,61,92
1991,Feb,22,57,69,80,97
2005,April,23,44,61,90,69
2002,Feb,36,25,39,50,34
2000,July,34,14,93,80,38
1994,Sep,61,15,64,86,10
2008,Jan,36,91,95,60,71
1994,Mar,56,64,41,87,96
2002,Dec,84,77,23,66,86
2004,July,89,23,41,74,91
2005,July,36,78,88,25,95
2006,April,70,14,79,51,41
2006,Sep,66,29,23,89,49
2007,Mar,97,17,30,89,44
2009,June,44,65,80,72,40
2004,Sep,32,99,81,32,21
1998,Dec,43,41,63,17,29
2008,Mar,30,48,97,89,93
1996,Nov,13,45,13,39,14
2003,Dec,48,33,32,45,89
2003,Jan,23,23,63,66,33
1996,June,98,55,70,41,78
2009,Feb,96,25,59,41,26
1992,Aug,26,42,73,85,55
1990,Feb,57,40,40,52,86
2003,Jan,65,18,49,55,84
1993,June,38,12,33,76,34
2005,June,33,94,27,98,61
2011,June,23,30,78,89,54
2008,Nov,79,47,85,52,95
1994,Feb,81,59,39,16,89
2009,Feb,16,63,85,37,50
1997,Aug,39,54,42,88,10
1996,Jan,24,12,50,30,59
2008,April,50,77,52,84,56
2001,May,50,47,12,25,79
1990,May,52,17,99,34,73
1994,Aug,67,91,43,72,87
1995,Mar,58,36,55,52,46
2002,Oct,29,41,97,61,84
2001,Jan,14,38,91,85,40
2002,Mar,74,46,91,37,74
1993,April,31,80,99,17,16
1995,Jan,22,59,52,47,65
1991,April,18,97,72,61,31
2000,July,63,75,23,90,29
1994,June,54,64,20,28,80
1993,Feb,79,93,99,16,24
2001,Aug,68,12,40,76,78
1992,Dec,34,11,98,69,93
1999,June,32,92,77,32,88
2001,Jan,81,98,23,20,56
1995,June,16,64,69,77,92
2000,July,17,29,49,96,76
1993,July,10,79,36,88,53
1990,Sep,83,58,99,88,43
1997,Nov,35,14,24,86,40
1992,Mar,74,68,20,71,14
1991,Dec,85,43,69,38,21
2009,May,43,95,17,12,13
1991,Nov,67,40,79,52,47
2007,Jan,85,47,49,70,95
2004,Aug,69,97,85,19,50
1990,June,46,91,59,55,63
1990,Feb,71,13,93,47,63
2008,Nov,96,63,64,59,89
1991,Jan,30,16,10,52,73
1994,April,79,88,33,35,62
2012,Feb,74,91,92,27,62
2009,May,80,28,82,41,99
1993,Jan,75,26,56,21,92
2000,Feb,97,12,22,77,19
2000,June,67,66,97,74,13
1994,Oct,15,81,49,49,79
1991,July,75,55,29,32,51
2002,Feb,80,57,44,77,24
2000,Oct,33,39,97,61,92
1998,Sep,39,10,11,27,73
2002,Nov,66,19,61,72,73
1997,May,37,61,39,66,84
2008,Nov,20,67,28,38,14
2003,Sep,90,19,49,88,32
1993,April,69,19,81,34,41

Year,Month,Comp1,Comp2,Comp3,Comp4,Comp5
1997,June,40,25,93,16,35
1992,June,18,87,10,43,35
2005,Feb,67,47,30,79,88
2000,Oct,28,97,94,46,84
2007,Feb,56,12,37,23,84
1999,Oct,75,50,32,60,42
1997,Feb,51,49,12,11,79
1998,Aug,81,88,99,86,39
2012,Jan,39,29,83,68,48
2010,Nov,58,31,17,81,64
2004,Feb,89,66,38,99,97
1992,Jan,56,25,51,31,46
2002,Sep,47,48,76,10,83
2012,Aug,95,86,50,36,37
1998,July,23,76,49,56,27
1997,Feb,53,21,76,46,21
2003,June,50,95,26,50,30
2012,Aug,26,11,61,49,32
2009,Aug,16,99,38,12,23
2005,Feb,21,59,40,69,69
1995,Aug,12,88,87,65,52
2001,Aug,85,14,46,52,90
2004,June,55,59,89,94,27
2005,Jan,81,29,30,21,28
2002,April,24,34,94,27,57
1995,Nov,85,78,75,29,71
2001,Aug,64,96,82,80,30
2003,Jan,15,62,69,81,43
1993,Sep,60,49,94,99,72
1998,May,72,37,30,15,17
1995,Aug,90,82,66,54,88
2001,Oct,29,42,20,31,79
2005,Nov,26,12,61,80,39
2005,Feb,54,85,77,48,57
2011,April,28,91,87,77,86
2008,Feb,64,31,37,54,76
1997,Nov,95,16,94,75,61
2011,Aug,44,30,46,53,45
1993,April,59,37,11,46,84
2003,Dec,71,70,74,53,48
1995,July,57,71,61,64,88
2000,Mar,24,47,77,72,23
2005,July,56,41,63,40,32
2002,Feb,52,70,16,96,15
2007,June,86,14,57,31,78
1999,June,35,16,32,28,80
1993,April,16,69,11,21,68
1998,Aug,17,19,93,57,40
2001,Feb,89,99,21,27,62
1991,June,12,40,42,28,28
2003,Aug,32,42,36,66,93
2000,June,27,42,71,77,26
1991,Jan,85,41,77,72,59
2008,May,11,27,50,89,63
2000,Jan,69,35,90,16,26
1994,Feb,34,90,64,64,98
2006,May,80,39,43,42,90
1991,Sep,60,78,55,44,73
2000,Mar,55,82,73,64,57
1999,June,41,50,19,16,39
2010,June,17,26,57,61,46
2006,July,14,53,80,56,78
2004,Mar,76,36,44,98,52
1997,Dec,28,57,96,13,69
2007,June,63,12,84,81,67
1993,Jan,88,67,30,72,27
1997,Nov,98,89,63,59,80
2000,Mar,66,14,21,87,42
1995,April,55,53,80,75,19
2005,June,42,12,78,35,64
2003,July,98,39,96,37,10
1992,April,57,14,34,78,27
2006,April,20,42,11,13,79
2010,Oct,85,82,30,59,42
2012,Dec,18,77,90,71,22
1996,Nov,33,15,70,11,69
2000,Oct,90,48,77,62,90
2005,Oct,56,69,14,57,20
2005,Feb,28,37,31,57,32
2003,Oct,10,82,48,97,60
2006,Aug,93,32,66,59,87
1992,Dec,54,84,55,73,57
1995,Aug,57,93,84,60,70
2010,Sep,26,46,45,31,86
2009,Dec,57,83,58,63,63
2011,July,53,85,36,49,14
2010,Oct,47,65,97,88,36
2008,Mar,98,73,99,47,44
2006,Oct,92,82,10,24,46
1990,June,71,49,11,80,79
1997,Mar,16,16,61,84,87
1998,Sep,62,75,37,47,94
2005,April,88,79,37,72,20
2000,Sep,13,86,60,35,85
1991,Feb,81,50,73,10,47
1998,July,55,63,28,59,55
1993,Mar,27,19,44,97,29
2007,July,41,51,21,88,15
1996,Dec,52,65,39,19,89
1996,Feb,15,25,80,56,83
1991,April,91,70,69,17,69
1990,Sep,64,72,10,58,75
1990,Aug,16,60,86,15,16
2010,Aug,41,77,50,21,71
2001,May,67,98,71,63,50
2001,Dec,30,17,15,73,30
2005,Jan,93,78,59,93,11
1991,Jan,63,32,57,15,46
1999,Nov,89,65,11,32,58
2005,Aug,40,45,83,30,11
1996,Sep,58,93,61,64,39
1991,Nov,94,44,75,89,14
2012,June,18,64,75,21,35
1995,Aug,29,72,62,72,25
2007,Oct,57,35,96,83,71
1991,Nov,36,56,17,67,36
1996,Mar,82,85,10,43,72
2012,Aug,35,51,16,95,73
1999,Aug,84,30,99,41,58
2007,Mar,31,59,38,55,63
2004,Jan,23,48,40,62,74
1993,Aug,46,65,21,65,14
1992,Jan,24,19,92,78,74
1996,June,31,17,32,72,31
2011,Dec,42,64,67,34,54
2002,Nov,36,67,88,96,68
2006,Jan,57,47,65,96,42
1991,June,37,39,31,19,88
1998,Sep,72,65,43,70,76
2009,June,47,53,22,99,19
2009,April,43,32,39,76,35
2000,July,43,39,24,43,92
2004,July,53,47,89,28,39
1990,May,79,77,36,85,97
1990,Jan,35,31,75,29,48
2012,April,65,64,45,25,43
2011,Jan,45,43,36,43,52
1990,Feb,98,71,87,98,56
2001,Oct,93,76,10,57,89
2007,Oct,62,86,72,40,63
2009,Oct,37,55,54,49,53
2003,Oct,16,35,47,83,47
1995,Oct,28,56,85,68,43
2011,July,37,31,40,85,99
2006,Nov,60,59,49,61,70
2011,Oct,14,80,18,51,34
1999,Jan,55,39,19,96,30
2001,April,59,64,66,58,32
1991,Sep,83,13,53,48,61
2004,Feb,25,32,96,43,80
2010,Aug,14,91,50,51,46
2011,April,96,21,36,28,62
2004,Sep,22,37,44,38,35
2000,Mar,17,37,78,99,51
1995,May,61,94,88,21,20
2003,Oct,78,48,66,58,86
2005,Sep,36,98,34,34,68
2000,Jan,23,28,43,72,31
2011,Dec,52,53,66,78,87
2003,Mar,18,94,26,98,42
2010,Mar,37,51,78,58,54
2004,April,32,74,10,84,32
2005,Nov,72,51,75,79,60
2006,Nov,97,27,99,45,70
1994,April,69,33,78,90,78
1992,June,81,60,60,58,80
1999,May,33,31,20,56,26
2002,Feb,19,48,28,17,88
2001,Feb,32,72,77,27,59
2008,July,59,97,80,28,47
2010,Nov,17,79,24,95,86
1994,Nov,22,65,71,53,26
2001,June,37,15,20,80,70
2008,June,37,37,48,99,56
2001,Feb,67,42,75,88,24
2010,Dec,25,11,46,49,96
1991,April,69,94,44,74,44
2011,April,78,67,54,62,56
2010,April,89,88,37,14,46
1996,Sep,99,60,52,81,21
1997,Mar,29,63,13,30,23
2011,Aug,92,97,96,32,64
2011,April,62,68,27,76,32
1992,Feb,92,66,21,31,16
2012,Dec,25,41,78,81,32
1999,Mar,66,80,90,81,68
2003,Jan,49,88,74,15,30
1990,June,11,92,76,82,72
2009,Dec,51,38,55,13,70
2002,May,85,72,56,67,92
1995,June,59,53,84,69,52
2006,Aug,50,36,77,82,74
1999,May,52,99,43,96,26
2009,July,80,23,95,24,18
2011,July,43,19,64,47,89
2002,Dec,31,85,65,48,65
1992,April,33,36,31,74,16
2011,Sep,66,55,79,64,60
2001,May,61,86,57,90,19
1996,Mar,45,49,49,73,87
2012,Feb,86,69,26,25,70
2004,Nov,86,80,68,35,13
2011,Mar,87,96,96,66,93
2012,Jan,79,19,95,82,97
1993,Mar,39,73,93,82,50
1995,Dec,50,96,39,91,20
1998,May,18,83,99,92,82
2011,Sep,27,99,67,24,84
2001,Jan,15,28,46,47,73
1998,May,62,38,35,22,11
2004,Nov,41,89,85,67,79
1991,Mar,15,66,29,17,93
1993,Aug,45,73,96,85,96
1991,Dec,24,68,71,97,36
1998,April,74,71,90,26,31
1991,Aug,19,86,19,55,53
2002,May,60,38,75,19,90
2012,Sep,23,38,37,90,63
1994,July,32,26,53,45,16
1992,April,13,66,85,37,46
2003,May,74,22,96,74,92
2011,May,25,31,40,19,48
1992,April,62,50,37,75,84
1996,Feb,16,31,86,92,54
1992,Mar,50,35,31,26,74
1993,Jan,87,49,93,32,59
1993,Sep,46,82,44,31,70
2010,Oct,49,14,69,15,22
1991,July,38,25,97,37,55
2005,Jan,47,34,78,25,60
2004,May,27,34,81,25,68
2002,Mar,73,11,84,76,36
1997,Aug,88,64,85,66,77
2000,Sep,95,40,96,25,50
1993,Oct,91,98,37,17,98
2005,Mar,49,69,59,47,54
2002,Mar,93,29,67,83,97
2012,Aug,89,57,27,62,93
2002,July,29,81,98,74,77
2005,Jan,45,31,99,61,50
1995,Mar,34,21,15,44,25
2012,Jan,27,35,14,57,72
1996,May,94,77,36,41,53
2011,Mar,58,96,38,96,46
1992,Dec,13,76,90,96,12
2010,May,35,62,13,29,71
1999,Aug,70,26,78,29,57
1994,June,40,44,63,29,70
2002,Feb,12,95,19,91,65
2011,Oct,20,57,50,72,18
1999,Sep,77,30,48,44,75
2004,Dec,54,20,52,71,56
2007,Feb,82,94,53,89,45
2000,Sep,77,94,45,28,81
2000,Feb,39,26,65,91,80
1997,Aug,15,44,15,59,91
2002,Mar,90,93,42,31,89
2007,July,52,33,81,16,30
1991,Feb,51,75,40,43,78
2004,Jan,70,21,67,33,76
2005,Jan,15,74,47,69,87
1998,April,81,25,38,53,39
1995,Aug,96,89,72,28,94
2003,April,39,90,55,93,36
2012,Sep,14,15,18,78,30
2005,Jan,63,62,49,44,51
2006,Sep,85,70,87,62,49
1995,Dec,61,81,86,51,46
1995,Sep,92,16,40,76,43
2004,Feb,56,12,57,31,31
2012,Jan,41,79,16,78,60
2011,Aug,89,23,69,19,13
1996,June,61,65,23,31,98
1992,Oct,42,52,49,72,63
1994,Jan,87,49,57,45,88
2008,Jan,91,31,12,36,78
